0.0 0.0
1.0 0.0
2.0 0.0
3.0 0.0
4.0 0.0
5.0 0.0
6.0 0.0
7.0 0.0
8.0 0.0
9.0 0.0
10.0 0.0
11.0 0.0
12.0 0.0
13.0 0.0
14.0 0.0
15.0 0.0
16.0 0.0
17.0 0.0
18.0 0.0
19.0 0.0
20.0 0.0
21.0 0.0
22.0 0.0
23.0 0.0
24.0 0.0
25.0 0.0
26.0 0.0
27.0 0.0
28.0 0.0
29.0 0.0
30.0 0.0
31.0 0.0
32.0 0.0
33.0 0.0
34.0 0.0
35.0 0.0
36.0 0.0
37.0 0.0
38.0 0.0
39.0 0.0
40.0 0.0
41.0 0.0
42.0 0.0
43.0 0.0
44.0 0.0
45.0 0.0
46.0 0.0
47.0 0.0
48.0 0.0
49.0 0.0
50.0 0.0
51.0 0.0
52.0 0.0
53.0 0.0
54.0 0.0
55.0 0.0
56.0 0.0
57.0 0.0
58.0 0.0
59.0 0.0
60.0 0.0
61.0 0.0
62.0 0.0
63.0 0.0
64.0 0.0
65.0 0.0
66.0 0.0
67.0 0.0
68.0 0.0
69.0 0.0
70.0 0.0
71.0 0.0
72.0 0.0
73.0 0.0
74.0 0.0
75.0 0.0
76.0 0.0
77.0 0.0
78.0 0.0
79.0 0.0
80.0 0.0
81.0 0.0
82.0 0.0
83.0 0.0
84.0 0.0
85.0 0.0
86.0 0.0
87.0 0.0
88.0 0.0
89.0 0.0
90.0 0.0
91.0 0.0
92.0 0.0
93.0 0.0
94.0 0.0
95.0 0.0
96.0 0.0
97.0 0.0
98.0 0.0
99.0 0.0
100.0 0.0
101.0 0.0
102.0 0.0
103.0 0.0
104.0 0.0
105.0 0.0
106.0 0.0
107.0 0.0
108.0 0.0
109.0 0.0
110.0 0.0
111.0 0.0
112.0 0.0
113.0 0.0
114.0 0.0
115.0 0.0
116.0 0.0
117.0 0.0
118.0 0.0
119.0 0.0
120.0 0.0
121.0 0.0
122.0 0.0
123.0 0.0
124.0 0.0
125.0 0.0
126.0 0.0
127.0 0.0
128.0 0.0
129.0 0.0
130.0 0.0
131.0 0.0
132.0 0.0
133.0 0.0
134.0 0.0
135.0 0.0
136.0 0.0
137.0 0.0
138.0 0.0
139.0 0.0
140.0 0.0
141.0 0.0
142.0 0.0
143.0 0.0
144.0 0.0
145.0 0.0
146.0 0.0
147.0 0.0
148.0 0.0
149.0 0.0
150.0 0.0
151.0 0.0
152.0 0.0
153.0 0.0
154.0 0.0
155.0 0.0
156.0 0.0
157.0 0.0
158.0 0.0
159.0 0.0
160.0 0.0
161.0 0.0
162.0 0.0
163.0 0.0
164.0 0.0
165.0 0.0
166.0 0.0
167.0 0.0
168.0 0.0
169.0 0.0
170.0 0.0
171.0 0.0
172.0 0.0
173.0 0.0
174.0 0.0
175.0 0.0
176.0 0.0
177.0 0.0
178.0 0.0
179.0 0.0
180.0 0.0
181.0 0.0
182.0 0.0
183.0 0.0
184.0 0.0
185.0 0.0
186.0 0.0
187.0 0.0
188.0 0.0
189.0 0.0
190.0 0.0
191.0 0.0
192.0 0.0
193.0 0.0
194.0 0.0
195.0 0.0
196.0 0.0
197.0 0.0
198.0 0.0
199.0 0.0
200.0 0.0
201.0 0.023618973757033646
202.0 0.02321274115750293
203.0 0.022768818713933884
204.0 0.022326265692340124
205.0 0.021889119042430835
206.0 0.0214591968539617
207.0 0.02103726985702011
208.0 0.020623519226589213
209.0 0.020217794837709736
210.0 0.019819948127900326
211.0 0.01942988217685228
212.0 0.019047446689366185
213.0 0.01867249420029552
214.0 0.018304880024117162
215.0 0.0179444622052874
216.0 0.017591101469375345
217.0 0.017244661174966515
218.0 0.016905007266328338
219.0 0.016572008226830078
220.0 0.016245535033108608
221.0 0.01592546110997244
222.0 0.015611662286035262
223.0 0.015304016750071142
224.0 0.015002405008082604
225.0 0.014706709841073577
226.0 0.014416816263518383
227.0 0.014132611482518606
228.0 0.013853984857638937
229.0 0.013580827861413913
230.0 0.013313034040516494
231.0 0.01305049897758039
232.0 0.012793120253667146
233.0 0.01254079741136975
234.0 0.012293431918544121
235.0 0.012050927132659761
236.0 0.011813188265761465
237.0 0.011580122350033119
238.0 0.011351638203955672
239.0 0.011127646399050343
240.0 0.010908059227199183
241.0 0.010692790668534229
242.0 0.010481756359887394
243.0 0.010274873563792482
244.0 0.010072061138031472
245.0 0.009873239505716733
246.0 0.009678330625901293
247.0 0.009487257964709004
248.0 0.009299946466976882
249.0 0.00911632252840151
250.0 0.008936313968182001
251.0 0.008759850002151539
252.0 0.00858686121639009
253.0 0.008417279541310474
254.0 0.008251038226210563
255.0 0.008088071814283936
256.0 0.007928316118081875
257.0 0.0077717081954192455
258.0 0.007618186325717237
259.0 0.007467689986775802
260.0 0.00732015983196872
261.0 0.007175537667854486
262.0 0.00703376643219601
263.0 0.006894790172382527
264.0 0.0067585540242468545
265.0 0.006625004191271568
266.0 0.006494087924177422
267.0 0.006365753500887708
268.0 0.006239950206862093
269.0 0.0061166283157937686
270.0 0.005995739070663631
271.0 0.005877234665145494
272.0 0.0057610682253562044
273.0 0.0056471937919448595
274.0 0.0055355663025151314
275.0 0.005426141574375081
276.0 0.005318876287608636
277.0 0.005213727968463253
278.0 0.005110654973048132
279.0 0.005009616471337659
280.0 0.004910572431474581
281.0 0.004813483604367792
282.0 0.0047183115085793585
283.0 0.004625018415495807
284.0 0.004533567334778563
285.0 0.004443922000088543
286.0 0.004356046855080111
287.0 0.0042699070396594535
288.0 0.004185468376502777
289.0 0.0041026973578295175
290.0 0.004021561132426119
291.0 0.003942027492915714
292.0 0.003864064863269415
293.0 0.003787642286554694
294.0 0.0037127294129166836
295.0 0.003639296487788043
296.0 0.003567314340323346
297.0 0.0034967543720537814
298.0 0.0034275885457582356
299.0 0.003359789374546722
300.0 0.0032933299111523244
301.0 0.00322818373742776
302.0 0.003164324954042874
303.0 0.0031017281703792747
304.0 0.0030403684946185617
305.0 0.0029802215240204858
306.0 0.0029212633353875948
307.0 0.0028634704757128445
308.0 0.0028068199530068465
309.0 0.0027512892273013406
310.0 0.0026968562018256726
311.0 0.0026434992143530246
312.0 0.0025911970287132184
313.0 0.002539928826469019
314.0 0.0024896741987528244
315.0 0.002440413138260801
316.0 0.002392126031401448
317.0 0.0023447936505957448
318.0 0.0022983971467259896
319.0 0.0022529180417305778
320.0 0.002208338221341909
321.0 0.002164639927964797
322.0 0.002121805753692657
323.0 0.0020798186334589405
324.0 0.002038661838321178
325.0 0.0019983189688752116
326.0 0.001958773948797057
327.0 0.0019200110185100577
328.0 0.001882014728974882
329.0 0.00184476993560009
330.0 0.0018082617922709247
331.0 0.001772475745494125
332.0 0.0017373975286565015
333.0 0.0017030131563951628
334.0 0.0016693089190772017
335.0 0.0016362713773867992
336.0 0.0016038873570176804
337.0 0.0015721439434688812
338.0 0.0015410284769418988
339.0 0.001510528547337235
340.0 0.0014806319893484658
341.0 0.0014513268776519385
342.0 0.0014226015221902879
343.0 0.0013944444635479423
344.0 0.001366844468416882
345.0 0.0013397905251508844
346.0 0.0013132718394065854
347.0 0.0012872778298696522
348.0 0.0012617981240644655
349.0 0.0012368225542456622
350.0 0.0012123411533700018
351.0 0.0011883441511469652
352.0 0.001164821970166608
353.0 0.001141765222103136
354.0 0.001119164703992776
355.0 0.0010970113945844766
356.0 0.0010752964507620552
357.0 0.001054011204036383
358.0 0.0010331471571062825
359.0 0.0010126959804867739
360.0 9.926495092033934E-4
361.0 9.729997395512896E-4
362.0 9.537388259178358E-4
363.0 9.348590776675458E-4
364.0 9.163529560880574E-4
365.0 8.982130713960283E-4
366.0 8.804321798017477E-4
367.0 8.630031806313561E-4
368.0 8.459191135055212E-4
369.0 8.29173155573501E-4
370.0 8.127586188014928E-4
371.0 7.966689473142316E-4
372.0 7.808977147887812E-4
373.0 7.654386218995248E-4
374.0 7.502854938133314E-4
375.0 7.354322777339476E-4
376.0 7.208730404946282E-4
377.0 7.066019661980921E-4
378.0 6.92613353902853E-4
379.0 6.78901615355046E-4
380.0 6.654612727648394E-4
381.0 6.522869566265807E-4
382.0 6.393734035818057E-4
383.0 6.267154543242895E-4
384.0 6.14308051546302E-4
385.0 6.021462379252755E-4
386.0 5.902251541500907E-4
387.0 5.785400369861977E-4
388.0 5.670862173788297E-4
389.0 5.558591185935434E-4
390.0 5.448542543933778E-4
391.0 5.340672272518923E-4
392.0 5.234937266014018E-4
393.0 5.131295271157024E-4
394.0 5.029704870266287E-4
395.0 4.930125464737615E-4
396.0 4.8325172588665544E-4
397.0 4.736841243989323E-4
398.0 4.643059182936283E-4
399.0 4.551133594791731E-4
400.0 4.4610277399540724E-4
401.0 4.372705605490419E-4
402.0 4.286131890779883E-4
403.0 4.201271993439922E-4
404.0 4.1180919955300657E-4
405.0 4.03655865002773E-4
406.0 3.9566393675706697E-4
407.0 3.8783022034609074E-4
408.0 3.801515844924894E-4
409.0 3.72624959862501E-4
410.0 3.6524733784173725E-4
411.0 3.580157693351115E-4
412.0 3.509273635904469E-4
413.0 3.439792870452859E-4
414.0 3.371687621964598E-4
415.0 3.304930664919603E-4
416.0 3.239495312446814E-4
417.0 3.175355405675928E-4
418.0 3.1124853032993456E-4
419.0 3.0508598713401014E-4
420.0 2.990454473121792E-4
421.0 2.9312449594364533E-4
422.0 2.873207658906568E-4
423.0 2.816319368537344E-4
424.0 2.760557344455526E-4
425.0 2.7058992928310365E-4
426.0 2.652323360977917E-4
427.0 2.5998081286309664E-4
428.0 2.54833259939468E-4
429.0 2.497876192361015E-4
430.0 2.44841873389275E-4
431.0 2.3999404495691053E-4
432.0 2.3524219562904818E-4
433.0 2.3058442545391075E-4
434.0 2.260188720792614E-4
435.0 2.2154371000874547E-4
436.0 2.171571498729262E-4
437.0 2.128574377147185E-4
438.0 2.0864285428894504E-4
439.0 2.0451171437572973E-4
440.0 2.004623661074581E-4
441.0 1.9649319030903912E-4
442.0 1.926025998512003E-4
443.0 1.8878903901656667E-4
444.0 1.8505098287826486E-4
445.0 1.8138693669081092E-4
446.0 1.7779543529303273E-4
447.0 1.742750425227973E-4
448.0 1.7082435064330365E-4
449.0 1.674419797807186E-4
450.0 1.6412657737292487E-4
451.0 1.6087681762916938E-4
452.0 1.576914010003919E-4
453.0 1.5456905366002604E-4
454.0 1.5150852699506208E-4
455.0 1.4850859710717422E-4
456.0 1.4556806432370928E-4
457.0 1.4268575271834575E-4
458.0 1.3986050964122734E-4
459.0 1.3709120525838984E-4
460.0 1.3437673210029357E-4
461.0 1.317160046192842E-4
462.0 1.291079587558022E-4
463.0 1.2655155151317308E-4
464.0 1.2404576054080442E-4
465.0 1.2158958372562639E-4
466.0 1.1918203879161247E-4
467.0 1.1682216290721878E-4
468.0 1.1450901230058893E-4
469.0 1.1224166188236833E-4
470.0 1.1001920487597964E-4
471.0 1.0784075245520879E-4
472.0 1.0570543338896166E-4
473.0 1.0361239369304572E-4
474.0 1.015607962888408E-4
475.0 9.954982066871958E-5
476.0 9.757866256808832E-5
477.0 9.564653364391379E-5
478.0 9.37526611596107E-5
479.0 9.189628767616084E-5
480.0 9.007667074934449E-5
481.0 8.82930826329603E-5
482.0 8.654480998791762E-5
483.0 8.48311535970821E-5
484.0 8.315142808576464E-5
485.0 8.150496164773923E-5
486.0 7.989109577668225E-5
487.0 7.83091850029238E-5
488.0 7.675859663540891E-5
489.0 7.523871050876359E-5
490.0 7.374891873536524E-5
491.0 7.228862546231934E-5
492.0 7.085724663324353E-5
493.0 6.945420975476637E-5
494.0 6.807895366764581E-5
495.0 6.673092832241705E-5
496.0 6.540959455947896E-5
497.0 6.41144238935331E-5
498.0 6.28448983022876E-5
499.0 6.160051001934309E-5
