0.0 0.0
1.0 0.0
2.0 0.0
3.0 0.0
4.0 0.0
5.0 0.0
6.0 0.0
7.0 0.0
8.0 0.0
9.0 0.0
10.0 0.0
11.0 0.0
12.0 0.0
13.0 0.0
14.0 0.0
15.0 0.0
16.0 0.0
17.0 0.0
18.0 0.0
19.0 0.0
20.0 0.0
21.0 0.0
22.0 0.0
23.0 0.0
24.0 0.0
25.0 0.0
26.0 0.0
27.0 0.0
28.0 0.0
29.0 0.0
30.0 0.25309121404902124
31.0 0.2575828693120832
32.0 0.24759391348131327
33.0 0.23645454043623357
34.0 0.2257402475660201
35.0 0.21547594661785766
36.0 0.20564590902925967
37.0 0.19623466915752946
38.0 0.1872270485939188
39.0 0.17860817704583992
40.0 0.1703635100245256
41.0 0.1624788435717686
42.0 0.1549403262538571
43.0 0.1477344686438725
44.0 0.14084815050543073
45.0 0.13426862588197486
46.0 0.12798352628610535
47.0 0.12198086217336578
48.0 0.11624902287455571
49.0 0.11077677515018183
50.0 0.10555326052019794
51.0 0.10056799151184555
52.0 0.09581084695826915
53.0 0.09127206647071878
54.0 0.08694224419762986
55.0 0.08281232197471937
56.0 0.07887358196150501
57.0 0.0751176388513498
58.0 0.0715364317342804
59.0 0.06812221568443118
60.0 0.06486755313701818
61.0 0.061765305113259464
62.0 0.0588086223456056
63.0 0.055990936350027096
64.0 0.053305950486903717
65.0 0.05074763104725772
66.0 0.04831019839665473
67.0 0.04598811820503855
68.0 0.04377609278705411
69.0 0.0416690525740248
70.0 0.039662147735665676
71.0 0.03775073996681576
72.0 0.03593039445193842
73.0 0.03419687201785289
74.0 0.032546121483102854
75.0 0.030974272210522378
76.0 0.02947762686790996
77.0 0.02805265440025157
78.0 0.026695983215628494
79.0 0.02540439458579266
80.0 0.024174816261376374
81.0 0.023004316300814294
82.0 0.021890097111280513
83.0 0.020829489699272955
84.0 0.019819948127900326
85.0 0.018859044177435964
86.0 0.0179444622052874
87.0 0.017073994201184967
88.0 0.016245535033108608
89.0 0.015457077879243187
90.0 0.014706709841073577
91.0 0.013992607732594817
92.0 0.013313034040516494
93.0 0.01266633305027805
94.0 0.012050927132659761
95.0 0.011465313185769078
96.0 0.01090805922719917
97.0 0.010377801131195002
98.0 0.009873239505716733
99.0 0.009393136704360915
100.0 0.008936313968182001
101.0 0.008501648692550235
102.0 0.008088071814283936
103.0 0.007694565314403374
104.0 0.00732015983196872
105.0 0.006963932384583931
106.0 0.006625004191271564
107.0 0.0063025385935490345
108.0 0.005995739070663631
109.0 0.005703847345071697
110.0 0.005426141574375081
111.0 0.005161934626055575
112.0 0.004910572431474581
113.0 0.004671432415730333
114.0 0.004443922000088543
115.0 0.004227477173823544
116.0 0.004021561132426114
117.0 0.0038256629792506464
118.0 0.003639296487788043
119.0 0.0034619989218617727
120.0 0.0032933299111523244
121.0 0.00313287037956034
122.0 0.0029802215240204858
123.0 0.0028350038414767763
124.0 0.0026968562018256726
125.0 0.002565434964725601
126.0 0.0024404131382607997
127.0 0.0023214795775335544
128.0 0.002208338221341909
129.0 0.0021007073651800015
130.0 0.0019983189688752116
131.0 0.0019009179972504068
132.0 0.0018082617922709247
133.0 0.0017201194752043236
134.0 0.0016362713773867992
135.0 0.001556508498253239
136.0 0.0014806319893484645
137.0 0.0014084526630953216
138.0 0.0013397905251508844
139.0 0.0012744743292354484
140.0 0.0012123411533700018
141.0 0.0011532359965068014
142.0 0.0010970113945844766
143.0 0.0010435270550838316
144.0 9.926495092033934E-4
145.0 9.442517808146394E-4
146.0 8.982130713960272E-4
147.0 8.544184601823267E-4
148.0 8.127586188014928E-4
149.0 7.731295397054775E-4
150.0 7.354322777339476E-4
151.0 6.995727041810195E-4
152.0 6.654612727648394E-4
153.0 6.330127969281741E-4
154.0 6.021462379252755E-4
155.0 5.727845031760699E-4
156.0 5.448542543933773E-4
157.0 5.182857250123551E-4
158.0 4.930125464737615E-4
159.0 4.689715829340184E-4
160.0 4.4610277399540724E-4
161.0 4.24348985069167E-4
162.0 4.03655865002773E-4
163.0 3.8397171062031583E-4
164.0 3.652473378417366E-4
165.0 3.474359590626723E-4
166.0 3.304930664919603E-4
167.0 3.1437632115839545E-4
168.0 2.990454473121792E-4
169.0 2.8446213195973397E-4
170.0 2.7058992928310365E-4
171.0 2.5739416970716416E-4
172.0 2.44841873389275E-4
173.0 2.3290166791685568E-4
174.0 2.2154371000874547E-4
175.0 2.1073961102603496E-4
176.0 2.004623661074581E-4
177.0 1.906862867533674E-4
178.0 1.8138693669081092E-4
179.0 1.725410708603467E-4
180.0 1.6412657737292487E-4
181.0 1.5612242229251857E-4
182.0 1.4850859710717422E-4
183.0 1.4126606875779145E-4
184.0 1.3437673210029357E-4
185.0 1.27823364682858E-4
186.0 1.2158958372562639E-4
187.0 1.1565980519577038E-4
188.0 1.1001920487597964E-4
189.0 1.0465368132939681E-4
190.0 9.954982066871958E-5
191.0 9.469486304167609E-5
192.0 9.007667074934431E-5
193.0 8.568369791783687E-5
194.0 8.150496164773923E-5
195.0 7.753001456936282E-5
196.0 7.374891873536524E-5
197.0 7.015222078562526E-5
198.0 6.673092832241705E-5
199.0 6.347648743694627E-5
200.0 6.0380761331175764E-5
201.0 5.7436009981591966E-5
202.0 5.4634870794164375E-5
203.0 5.1970340202213106E-5
204.0 4.9435756161252927E-5
205.0 4.702478149711637E-5
206.0 4.473138806578272E-5
207.0 4.2549841685367415E-5
208.0 4.0474687802646766E-5
209.0 3.850073785832734E-5
210.0 3.662305631701193E-5
211.0 3.4836948329469006E-5
212.0 3.3137947996393874E-5
213.0 3.152180720434642E-5
214.0 2.998448500598035E-5
215.0 2.852213751803676E-5
216.0 2.713110831186503E-5
217.0 2.5807919272466328E-5
218.0 2.4549261903221446E-5
219.0 2.3351989054579065E-5
220.0 2.2213107056038912E-5
221.0 2.1129768231769378E-5
222.0 2.00992637811598E-5
223.0 1.9119017006516046E-5
224.0 1.818657687097687E-5
225.0 1.7299611870552626E-5
226.0 1.6455904204971653E-5
227.0 1.565334423276748E-5
228.0 1.4889925196748423E-5
229.0 1.4163738206667444E-5
230.0 1.3472967466552799E-5
231.0 1.2815885734770063E-5
232.0 1.2190850005469133E-5
233.0 1.159629740062143E-5
234.0 1.1030741262379606E-5
235.0 1.0492767435992519E-5
236.0 9.981030733983636E-6
237.0 9.494251572755096E-6
238.0 9.031212773209442E-6
239.0 8.590756517391586E-6
240.0 8.171781453543424E-6
241.0 7.773239942333838E-6
242.0 7.394135437380558E-6
243.0 7.033519993515064E-6
244.0 6.690491896561589E-6
245.0 6.36419340870488E-6
246.0 6.053808623809913E-6
247.0 5.758561427332183E-6
248.0 5.4777135557180275E-6
249.0 5.210562750443486E-6
250.0 4.956441002076747E-6
251.0 4.714712879973946E-6
252.0 4.484773943432615E-6
253.0 4.2660492303302365E-6
254.0 4.057991819469364E-6
255.0 3.860081463034979E-6
256.0 3.671823285744781E-6
257.0 3.4927465474402594E-6
258.0 3.3224034660245384E-6
259.0 3.160368097804164E-6
260.0 3.0062352724354484E-6
261.0 2.859619579812316E-6
262.0 2.720154406362758E-6
263.0 2.5874910183442253E-6
264.0 2.4612976898459784E-6
265.0 2.341258873318174E-6
266.0 2.227074410553634E-6
267.0 2.118458782149615E-6
268.0 2.0151403935728847E-6
269.0 1.9168608960430465E-6
270.0 1.8233745405361307E-6
271.0 1.7344475632931195E-6
272.0 1.6498576012970675E-6
273.0 1.5693931362571902E-6
274.0 1.4928529657097108E-6
275.0 1.4200456999130346E-6
276.0 1.3507892832792143E-6
277.0 1.2849105391451761E-6
278.0 1.222244736745378E-6
279.0 1.162635179303186E-6
280.0 1.1059328122110348E-6
281.0 1.0519958503196084E-6
282.0 1.000689423404166E-6
283.0 9.518852389214687E-7
284.0 9.054612612140789E-7
285.0 8.613014063599116E-7
286.0 8.192952519039857E-7
287.0 7.793377607466237E-7
288.0 7.413290184976516E-7
289.0 7.051739836398838E-7
290.0 6.707822498772006E-7
291.0 6.380678200729396E-7
292.0 6.069488912133864E-7
293.0 5.773476498586387E-7
294.0 5.491900775693852E-7
295.0 5.224057658230889E-7
296.0 4.969277399567467E-7
297.0 4.726922916960306E-7
298.0 4.4963881985202785E-7
299.0 4.2770967878725503E-7
300.0 4.068500342720462E-7
301.0 3.870077263708639E-7
302.0 3.6813313901570786E-7
303.0 3.501790759404711E-7
304.0 3.3310064266602543E-7
305.0 3.168551342409475E-7
306.0 3.014019284571678E-7
307.0 2.8670238427354385E-7
308.0 2.727197451933541E-7
309.0 2.594190473541133E-7
310.0 2.467670320998921E-7
311.0 2.3473206281751716E-7
312.0 2.2328404582871378E-7
313.0 2.1239435514037036E-7
314.0 2.0203576086476767E-7
315.0 1.9218236113079084E-7
316.0 1.8280951731585835E-7
317.0 1.738937924366259E-7
318.0 1.654128925444022E-7
319.0 1.5734561097873905E-7
320.0 1.4967177533980428E-7
321.0 1.4237219704693386E-7
322.0 1.3542862335724279E-7
323.0 1.2882369172430998E-7
324.0 1.2254088638281452E-7
325.0 1.1656449705055912E-7
326.0 1.1087957964462142E-7
327.0 1.0547191891339478E-7
328.0 1.0032799289108555E-7
329.0 9.543493908578352E-8
330.0 9.078052231655586E-8
331.0 8.63531041191465E-8
332.0 8.214161364377223E-8
333.0 7.813551997225079E-8
334.0 7.432480578523686E-8
335.0 7.069994231372015E-8
336.0 6.72518655121549E-8
337.0 6.397195339363594E-8
338.0 6.085200447045211E-8
339.0 5.788421724610532E-8
340.0 5.5061170707513975E-8
341.0 5.237580576862449E-8
342.0 4.9821407619025926E-8
343.0 4.739158893343337E-8
344.0 4.508027390005404E-8
345.0 4.288168302789797E-8
346.0 4.079031869504618E-8
347.0 3.880095140173622E-8
348.0 3.690860669389304E-8
349.0 3.5108552724406727E-8
350.0 3.339628842105279E-8
351.0 3.176753223147095E-8
352.0 3.0218211417056376E-8
353.0 2.8744451868994312E-8
354.0 2.7342568420972582E-8
355.0 2.6009055634347897E-8
356.0 2.474057903272577E-8
357.0 2.3533966764034025E-8
358.0 2.2386201669242043E-8
359.0 2.1294413737893068E-8
360.0 2.0255872931584115E-8
361.0 1.9267982357449507E-8
362.0 1.832827177457677E-8
363.0 1.743439141711866E-8
364.0 1.65841061186555E-8
365.0 1.577528972311539E-8
366.0 1.5005919768277623E-8
367.0 1.4274072428564038E-8
368.0 1.357791770447364E-8
369.0 1.2915714846631169E-8
370.0 1.2285808003007235E-8
371.0 1.1686622078426446E-8
372.0 1.1116658796009211E-8
373.0 1.0574492950699527E-8
374.0 1.0058768845510311E-8
375.0 9.568196901574925E-9
376.0 9.101550433528757E-9
377.0 8.65766258215695E-9
378.0 8.235423396638814E-9
379.0 7.833777059092828E-9
380.0 7.451719244482057E-9
381.0 7.088294609278751E-9
382.0 6.742594402607923E-9
383.0 6.413754193896975E-9
384.0 6.100951711349122E-9
385.0 5.803404785835706E-9
386.0 5.520369395065985E-9
387.0 5.2511378031440625E-9
388.0 4.9950367908605E-9
389.0 4.7514259722937185E-9
390.0 4.5196961935117045E-9
391.0 4.29926800936989E-9
392.0 4.089590234596603E-9
393.0 3.890138565542789E-9
394.0 3.700414269149828E-9
395.0 3.519942935857176E-9
396.0 3.3482732933313277E-9
397.0 3.1849760780500406E-9
398.0 3.0296429619199055E-9
399.0 2.8818855312434667E-9
400.0 2.741334315482695E-9
401.0 2.607637863390173E-9
402.0 2.480461864197995E-9
403.0 2.3594883116666864E-9
404.0 2.244414708903991E-9
405.0 2.134953311965095E-9
406.0 2.030830410342872E-9
407.0 1.9317856425490994E-9
408.0 1.8375713450751026E-9
409.0 1.7479519331039986E-9
410.0 1.6627033114259565E-9
411.0 1.58161231408343E-9
412.0 1.5044761713452764E-9
413.0 1.4311020026767883E-9
414.0 1.3613063344379052E-9
415.0 1.294914641103554E-9
416.0 1.231760908858917E-9
417.0 1.1716872204784534E-9
418.0 1.1145433604505657E-9
419.0 1.0601864393605851E-9
420.0 1.008480536592813E-9
421.0 9.59296360458173E-10
422.0 9.125109248976673E-10
423.0 8.68007241953156E-10
424.0 8.256740292365315E-10
425.0 7.854054316657886E-10
426.0 7.471007567721717E-10
427.0 7.106642229165742E-10
428.0 6.760047197855392E-10
429.0 6.43035580568024E-10
430.0 6.116743652432314E-10
431.0 5.818426544376105E-10
432.0 5.53465853335589E-10
433.0 5.264730051536726E-10
434.0 5.007966137115282E-10
435.0 4.763724746563795E-10
436.0 4.531395149186755E-10
437.0 4.310396399976164E-10
438.0 4.100175886946348E-10
439.0 3.900207949316176E-10
440.0 3.7099925630833136E-10
441.0 3.5290540907037245E-10
442.0 3.356940091750141E-10
443.0 3.193220191575281E-10
444.0 3.0374850051510713E-10
445.0 2.8893451133928553E-10
446.0 2.7484300894088003E-10
447.0 2.6143875722397844E-10
448.0 2.486882385773428E-10
449.0 2.365595700629231E-10
450.0 2.2502242369190685E-10
451.0 2.1404795058894613E-10
452.0 2.03608708854948E-10
453.0 1.936785949480296E-10
454.0 1.8423277841106765E-10
455.0 1.7524763978262257E-10
456.0 1.667007115359799E-10
457.0 1.5857062189863459E-10
458.0 1.5083704141172477E-10
459.0 1.4348063209579678E-10
460.0 1.3648299909578383E-10
461.0 1.298266446842853E-10
462.0 1.2349492450813692E-10
463.0 1.1747200596885636E-10
464.0 1.1174282863290071E-10
465.0 1.0629306657273831E-10
466.0 1.0110909254456652E-10
467.0 9.617794391310634E-11
468.0 9.148729023826084E-11
469.0 8.702540244259255E-11
470.0 8.278112348252095E-11
471.0 7.874384044990074E-11
472.0 7.490345803422544E-11
473.0 7.125037327909136E-11
474.0 6.777545156980505E-11
475.0 6.44700037920888E-11
476.0 6.1325764604768E-11
477.0 5.83348717721145E-11
478.0 5.548984650416096E-11
479.0 5.278357475583083E-11
480.0 5.020928943812011E-11
481.0 4.776055349684948E-11
482.0 4.54312438166769E-11
483.0 4.321553591011924E-11
484.0 4.1107889353299855E-11
485.0 3.910303393200318E-11
486.0 3.719595646339353E-11
487.0 3.538188826044758E-11
488.0 3.365629320775234E-11
489.0 3.201485641885403E-11
490.0 3.0453473446794535E-11
491.0 2.8968240020855637E-11
492.0 2.7555442283849265E-11
493.0 2.6211547505539626E-11
494.0 2.493319524897758E-11
495.0 2.3717188967658006E-11
496.0 2.256048801248819E-11
497.0 2.1460200028581796E-11
498.0 2.0413573722864767E-11
499.0 1.941799198440961E-11
